Card ID: 1
15 18 41 54 61
13 27 32 58 73
 6 20  0 48 71
 8 24 45 56 70
 3 23 31 46 67

Card ID: 2
 7 17 35 51 62
 3 18 45 58 73
 4 26  0 57 66
15 21 40 54 69
12 27 39 50 64

Card ID: 3
11 26 37 50 61
 3 22 45 47 66
14 16  0 57 69
15 24 42 54 75
 6 30 38 60 70

Card ID: 4
 1 22 35 56 68
 7 20 43 57 74
 9 24  0 58 64
12 27 33 54 62
10 29 45 46 70

Card ID: 5
 4 22 40 55 71
10 19 32 52 67
14 20  0 47 63
 2 23 37 50 62
11 26 44 48 66

Card ID: 6
14 28 32 57 67
 9 24 35 51 73
 5 27  0 46 65
 6 26 39 52 62
10 22 38 49 72

Card ID: 7
 6 28 40 50 72
13 18 33 49 73
 7 24  0 48 71
 5 27 41 47 64
14 26 32 53 75

Card ID: 8
14 24 37 54 74
 9 29 43 47 75
10 21  0 49 71
12 25 39 58 63
11 30 38 57 72

Card ID: 9
12 25 43 54 69
 7 30 44 53 73
 3 23  0 59 67
 2 20 35 58 65
 1 29 39 48 66

Card ID: 10
 3 27 34 48 68
15 19 40 53 69
 7 22  0 60 65
 4 24 39 47 72
 6 16 43 57 74

Card ID: 11
10 24 32 55 61
 8 20 40 54 69
15 25  0 47 70
11 19 33 49 66
12 18 39 56 71

Card ID: 12
12 16 38 56 62
 7 21 42 47 72
14 26  0 48 71
 4 25 43 46 61
 2 28 32 51 73

Card ID: 13
13 20 32 48 65
 7 19 37 56 68
 6 30  0 49 63
 5 16 39 46 73
 9 27 43 51 61

Card ID: 14
 4 22 32 60 67
 1 26 35 58 63
10 18  0 49 66
12 28 36 57 64
 2 24 34 59 61

Card ID: 15
 9 28 31 50 70
11 21 36 51 67
10 26  0 54 69
12 25 37 60 73
 4 20 44 58 66

Card ID: 16
13 28 41 48 73
10 27 35 59 63
 8 18  0 51 75
 5 17 45 46 68
 2 30 38 52 66

Card ID: 17
 8 20 35 49 68
14 16 32 60 75
12 22  0 48 62
 2 27 45 54 66
 5 26 42 52 61

Card ID: 18
 5 22 41 58 66
 1 25 32 52 64
 2 19  0 48 71
14 27 33 51 68
 8 23 40 57 62

Card ID: 19
 1 25 31 60 61
10 18 32 59 66
 4 21  0 52 68
 5 22 39 54 69
 3 17 38 56 64

Card ID: 20
11 23 44 53 67
12 28 40 50 66
10 26  0 48 64
 1 17 37 49 65
 8 20 39 56 62

Card ID: 21
 6 27 36 54 61
11 26 44 48 73
10 22  0 53 70
 9 25 41 46 71
 4 21 31 58 62

Card ID: 22
 4 21 42 54 71
10 18 32 49 72
 5 24  0 57 66
 7 22 31 50 70
 6 30 36 56 73

Card ID: 23
14 19 44 60 67
 4 27 40 46 72
 8 17  0 51 71
 1 23 43 57 61
11 21 39 47 75

Card ID: 24
13 29 32 51 63
12 19 43 49 62
 6 18  0 59 70
 5 28 40 46 69
 7 20 42 55 67

Card ID: 25
 9 19 35 49 75
15 30 36 59 66
 4 26  0 57 61
 8 27 43 54 64
 6 24 44 53 70

Card ID: 26
 3 29 43 53 74
10 21 31 49 63
15 17  0 58 62
12 20 32 48 75
 1 26 40 56 71

Card ID: 27
11 21 36 54 71
 7 30 44 56 72
14 16  0 50 63
 8 20 31 53 67
13 19 37 58 64

Card ID: 28
 7 23 38 52 72
12 29 33 48 61
15 19  0 49 71
 8 20 40 60 68
 3 30 36 58 63

Card ID: 29
13 23 42 54 66
 3 27 37 55 72
11 16  0 59 75
 4 20 34 48 70
10 19 36 52 68

Card ID: 30
13 25 37 56 63
 3 30 39 58 62
 7 18  0 59 74
11 28 41 46 68
 2 24 32 48 73

Card ID: 31
 8 23 33 49 72
11 25 42 46 74
 3 16  0 53 67
10 17 41 54 61
 6 26 43 48 68

Card ID: 32
 7 22 37 56 62
13 25 32 48 67
 1 26  0 57 66
10 20 40 55 64
14 24 36 50 69

Card ID: 33
 9 25 32 47 72
13 27 35 56 73
10 28  0 59 67
 2 16 33 46 63
12 20 43 55 64

Card ID: 34
 7 27 35 47 64
 9 23 36 50 75
11 16  0 54 72
 6 17 32 59 67
 5 20 37 49 65

Card ID: 35
 2 28 45 59 73
14 29 31 53 71
 4 23  0 50 69
 1 19 43 51 62
 8 24 34 47 65

Card ID: 36
 5 29 33 50 68
 1 16 36 57 66
12 22  0 53 75
 4 17 40 49 71
 6 25 42 48 67

Card ID: 37
 7 27 34 53 67
12 22 36 56 63
13 25  0 51 68
 4 30 45 58 65
 3 21 43 52 73

Card ID: 38
10 18 33 56 67
 2 16 43 51 71
15 23  0 60 72
 1 21 40 53 66
14 28 31 50 70

Card ID: 39
 9 30 37 54 62
 7 22 42 52 64
 8 21  0 58 73
13 20 41 49 72
 6 23 45 56 75

Card ID: 40
 1 22 31 58 65
14 19 38 57 70
 5 17  0 60 74
 9 18 32 51 61
12 27 39 46 62

Card ID: 41
 1 25 34 47 65
 3 16 32 57 67
 9 22  0 59 63
14 29 43 49 75
 8 21 39 46 68

Card ID: 42
 1 27 38 53 70
13 22 45 50 73
15 24  0 49 64
 2 28 40 55 63
14 25 43 60 71

Card ID: 43
10 16 45 56 66
 5 27 33 46 68
 8 29  0 60 65
13 20 37 54 62
 2 17 35 50 75

Card ID: 44
10 23 37 52 64
 5 22 40 49 75
11 18  0 60 61
12 27 38 55 72
 9 19 39 53 71

Card ID: 45
 8 29 37 51 68
 9 20 40 60 72
12 24  0 58 70
11 30 45 49 67
 6 28 31 52 69

Card ID: 46
15 20 38 53 73
11 24 37 60 74
 4 17  0 48 62
10 30 45 59 61
12 28 36 55 69

Card ID: 47
 8 24 37 59 69
 6 16 41 50 64
11 28  0 49 68
 2 22 38 60 67
 1 29 35 55 61

Card ID: 48
 5 22 34 51 65
13 16 35 56 70
11 29  0 54 61
12 20 45 46 73
10 24 42 58 71

Card ID: 49
 9 30 31 50 62
 3 22 43 46 72
 1 21  0 49 71
10 23 35 47 74
15 25 34 52 66

Card ID: 50
12 23 33 56 72
11 16 39 51 73
14 30  0 58 70
 5 28 44 47 63
10 26 32 55 61

Card ID: 51
12 23 39 53 74
 2 28 31 57 71
10 16  0 51 65
11 17 37 55 67
 1 25 38 52 68

Card ID: 52
15 26 34 49 66
 2 22 41 59 68
 8 21  0 60 75
 1 28 43 48 67
 6 25 42 56 65

Card ID: 53
13 29 31 49 69
 1 23 38 54 64
15 24  0 53 61
 5 19 37 57 68
 7 17 44 47 74

Card ID: 54
 7 23 32 51 62
 5 28 36 59 65
11 16  0 54 67
 4 17 43 55 64
15 27 40 52 68

Card ID: 55
 7 21 41 50 65
14 28 36 60 63
 5 26  0 49 74
 2 19 44 51 71
15 22 34 53 61

Card ID: 56
14 24 43 59 74
 5 23 42 48 62
 9 19  0 53 68
 3 20 33 51 63
 8 17 32 58 71

Card ID: 57
 7 16 42 56 69
13 30 44 54 68
 6 18  0 48 64
 9 19 31 46 75
 3 23 32 52 66

Card ID: 58
 6 30 32 47 64
 7 21 31 56 73
10 17  0 48 67
 2 28 39 52 62
 8 25 42 54 61

Card ID: 59
15 26 42 53 62
12 23 37 55 68
 3 25  0 50 74
14 27 41 56 71
 6 20 31 59 72

Card ID: 60
 9 19 41 55 65
11 23 45 53 61
12 16  0 52 73
15 20 42 46 67
 5 27 32 57 74

Card ID: 61
12 24 44 60 73
13 18 41 50 66
 3 23  0 58 68
 1 26 33 59 62
10 25 43 55 61

Card ID: 62
10 25 38 53 61
 1 30 44 55 63
 7 17  0 46 74
 4 22 40 59 72
12 16 43 50 64

Card ID: 63
 2 24 32 49 70
10 28 43 53 65
 8 27  0 57 67
 5 23 34 51 62
 7 26 44 56 66

Card ID: 64
 7 18 44 60 71
13 22 42 59 63
 9 19  0 57 70
 4 28 39 56 74
 6 27 40 52 64

Card ID: 65
 3 23 31 52 73
 7 29 35 51 74
12 21  0 46 75
 5 19 33 60 70
14 26 44 50 66

Card ID: 66
 4 27 31 47 63
14 30 44 59 69
 1 29  0 46 70
15 23 33 57 72
 7 19 42 56 71

Card ID: 67
 1 29 39 54 70
 8 28 36 46 67
15 30  0 47 62
 2 25 45 49 65
 4 20 44 57 66

Card ID: 68
11 21 33 60 67
12 24 44 58 72
 5 29  0 51 64
 7 27 31 46 65
14 25 35 53 63

Card ID: 69
 6 18 37 51 66
 9 26 33 59 68
14 28  0 53 70
 7 23 39 47 62
11 22 41 52 61

Card ID: 70
12 26 44 57 73
15 24 35 49 64
 6 28  0 52 65
 3 21 40 46 66
 4 16 39 50 71

Card ID: 71
 2 20 33 50 73
10 21 39 51 70
12 26  0 47 62
11 24 36 46 71
15 23 42 48 72

Card ID: 72
 2 24 31 46 69
12 28 43 59 67
 9 26  0 49 75
 6 18 40 54 65
 4 29 42 52 72

Card ID: 73
10 24 39 57 74
 7 17 36 58 70
 9 27  0 52 72
 2 30 37 55 66
12 19 43 60 61

Card ID: 74
 4 29 38 48 71
 9 24 43 58 64
 5 17  0 49 75
 1 27 39 47 65
15 26 32 52 74

Card ID: 75
 7 19 33 51 66
 9 25 38 47 69
15 28  0 54 74
10 18 37 56 62
14 24 44 55 67

Card ID: 76
15 26 33 55 63
 9 16 41 50 67
11 24  0 49 68
 2 25 39 54 73
 8 17 34 58 69

Card ID: 77
 5 26 41 59 70
 6 29 34 46 63
 8 28  0 57 75
15 19 36 52 65
 9 22 39 54 61

Card ID: 78
13 18 35 59 75
 4 16 44 54 62
 9 21  0 56 74
14 24 37 55 64
 6 22 40 49 67

Card ID: 79
 5 25 45 49 66
14 19 32 60 65
 9 24  0 56 61
 3 16 31 54 64
15 20 42 55 68

Card ID: 80
11 24 32 52 69
10 26 37 46 62
 9 25  0 57 72
 4 19 44 58 64
15 29 33 55 66

Card ID: 81
14 23 34 59 71
 5 21 42 46 75
 1 29  0 55 67
13 20 40 54 73
 3 30 37 48 74

Card ID: 82
 7 19 40 53 68
 9 30 33 59 71
10 25  0 46 73
15 23 45 49 61
 8 17 32 57 74

Card ID: 83
14 22 33 60 72
11 25 42 58 75
 5 19  0 59 67
12 24 34 53 61
 3 16 41 47 73

Card ID: 84
 8 18 45 46 73
 6 25 33 55 64
 2 24  0 50 67
 7 23 34 57 71
14 26 44 59 75

Card ID: 85
 7 27 38 55 66
 6 26 44 60 72
10 25  0 46 71
 4 16 34 52 69
14 17 36 56 65

Card ID: 86
15 28 31 53 68
 5 24 35 50 75
 2 18  0 52 65
 3 26 41 60 63
10 30 39 47 64

Card ID: 87
 2 24 42 56 68
15 23 33 47 75
 6 25  0 49 71
13 19 38 53 69
 9 29 39 54 61

Card ID: 88
 4 22 37 53 69
12 27 45 46 61
 7 18  0 49 62
11 29 41 55 73
15 24 38 52 65

Card ID: 89
15 19 36 48 61
 5 21 40 46 70
13 20  0 60 65
12 27 35 58 75
 4 29 44 49 74

Card ID: 90
13 16 33 50 67
 2 21 34 52 72
10 30  0 54 66
 7 25 44 46 74
 6 26 41 55 68

Card ID: 91
11 19 39 57 74
 7 25 33 56 67
 3 20  0 51 64
 5 30 43 59 62
 9 28 35 60 69

Card ID: 92
 3 28 41 50 70
15 25 37 47 72
 8 29  0 51 74
11 30 33 60 62
 9 24 35 57 61

Card ID: 93
14 20 40 56 63
12 16 43 58 72
 8 18  0 48 70
15 19 44 47 73
 6 27 38 55 69

Card ID: 94
 4 30 31 52 68
 5 17 45 55 64
15 23  0 60 69
 8 19 40 58 71
10 27 37 51 66

Card ID: 95
14 19 42 56 69
11 23 40 58 74
12 28  0 48 61
 7 24 43 47 68
15 29 36 49 63

Card ID: 96
 3 24 33 54 75
10 21 45 49 73
15 29  0 47 67
 4 28 38 58 69
 5 22 39 53 71

Card ID: 97
14 20 35 48 72
 8 28 32 49 61
10 21  0 57 62
 3 16 31 58 74
 6 22 36 56 69

Card ID: 98
10 20 44 49 63
 5 17 34 58 73
12 22  0 54 70
 8 21 45 47 62
15 29 37 46 68

Card ID: 99
 6 20 33 55 62
12 22 40 54 68
 9 16  0 60 74
11 24 45 53 63
 4 30 32 47 65

Card ID: 100
15 29 35 46 64
11 26 33 52 66
 3 25  0 47 67
14 22 41 59 74
 2 16 34 51 69

Card ID: 101
 3 22 38 56 62
 2 16 40 51 64
 4 30  0 55 75
 1 21 36 58 73
 6 25 33 60 63

Card ID: 102
 8 19 37 48 71
 1 30 40 52 70
 2 23  0 55 66
10 29 35 51 64
11 28 41 59 72

Card ID: 103
 5 30 37 47 61
15 22 44 55 71
 3 19  0 57 67
 1 29 45 59 68
12 16 34 53 74

Card ID: 104
 8 28 44 58 70
 3 19 36 54 68
 6 22  0 46 71
12 23 32 50 72
14 24 35 51 69

Card ID: 105
 9 21 34 51 65
14 18 39 59 67
 4 30  0 56 72
15 22 45 48 74
12 19 42 50 70

Card ID: 106
 9 20 35 51 71
 4 22 32 52 69
 2 17  0 54 62
10 21 38 55 65
12 27 33 60 61

Card ID: 107
15 27 39 58 70
 4 22 33 59 71
10 29  0 52 74
 3 26 43 46 75
 5 30 34 50 63

Card ID: 108
13 19 43 54 74
 8 22 35 51 73
 6 27  0 52 70
 1 26 44 50 61
11 25 40 59 64

Card ID: 109
10 26 43 58 64
11 21 41 52 75
14 28  0 55 72
 5 30 37 46 68
 3 20 40 51 65

Card ID: 110
11 18 34 54 63
 6 28 32 48 74
15 30  0 49 71
 9 21 41 56 67
 7 20 43 57 70

Card ID: 111
10 29 40 50 69
 3 21 44 60 73
11 19  0 57 66
 2 24 38 59 61
13 28 37 56 71

Card ID: 112
10 25 37 56 66
 3 23 44 52 74
 1 29  0 54 72
 4 27 39 53 65
 6 16 33 51 67

Card ID: 113
 2 26 45 49 75
11 20 38 53 73
10 18  0 54 61
 5 23 41 56 69
 3 22 32 50 62

Card ID: 114
14 20 42 52 73
10 17 34 49 62
 4 26  0 48 70
 7 16 40 53 64
13 27 35 58 67

Card ID: 115
10 28 36 55 65
 6 21 45 54 74
 1 24  0 52 68
 2 25 42 57 66
 3 27 44 56 67

Card ID: 116
11 25 37 50 73
 7 16 43 52 74
 9 23  0 51 70
 5 24 36 46 75
13 21 35 60 65

Card ID: 117
14 20 32 59 70
13 29 39 58 73
 1 17  0 47 67
 2 30 35 46 65
10 24 40 54 75

Card ID: 118
 5 30 41 57 73
15 24 42 46 65
 8 26  0 58 75
 9 21 43 55 62
 6 19 38 53 67

Card ID: 119
 4 23 37 54 75
12 22 43 57 63
 1 28  0 52 71
11 17 45 51 65
15 25 32 46 68

Card ID: 120
 8 29 31 54 63
 3 18 36 50 71
14 16  0 51 75
15 24 42 57 62
 2 20 34 60 72

Card ID: 121
14 16 36 49 66
12 17 33 53 68
 4 20  0 60 75
 1 25 41 57 65
 6 22 31 58 67

Card ID: 122
13 28 44 60 68
11 23 34 51 70
 3 17  0 52 75
12 16 41 56 71
 2 26 40 57 62

Card ID: 123
 1 26 42 47 69
15 17 33 52 62
10 21  0 49 70
 6 23 45 54 72
 3 20 43 56 74

Card ID: 124
 2 16 34 49 70
 6 30 40 57 61
 9 22  0 53 66
13 28 39 58 67
12 29 45 52 72

Card ID: 125
13 24 45 60 71
 3 17 35 53 74
 2 23  0 52 68
 6 27 32 50 66
10 30 39 48 69

Card ID: 126
10 23 41 52 61
 2 21 32 49 71
13 25  0 46 69
 6 17 37 55 68
15 26 36 60 74

Card ID: 127
11 30 38 52 64
 9 28 35 51 73
 2 29  0 60 75
12 16 31 58 72
14 26 41 48 66

Card ID: 128
 3 17 32 50 61
 1 23 45 51 75
 5 25  0 56 65
 8 28 37 59 64
10 16 43 55 72

Card ID: 129
10 24 42 51 74
 9 16 32 55 73
14 22  0 52 70
 8 17 38 58 72
11 27 33 54 66

Card ID: 130
 4 19 45 48 69
10 26 38 58 64
 5 23  0 50 75
11 29 31 60 63
12 16 36 56 66

Card ID: 131
 1 18 33 51 70
14 29 31 50 71
 2 26  0 52 63
 5 19 36 57 74
13 21 42 59 72

Card ID: 132
15 22 42 60 66
11 21 41 57 68
 6 20  0 59 73
 1 30 37 49 69
14 27 33 54 71

Card ID: 133
 1 24 45 48 61
11 19 42 50 63
15 26  0 57 66
 2 28 32 51 69
 5 20 36 49 74

Card ID: 134
10 23 45 53 64
 2 28 37 55 65
 4 26  0 50 69
 1 18 39 49 72
 5 24 35 56 62

Card ID: 135
10 16 32 56 62
 1 25 40 49 71
12 23  0 50 66
13 18 42 60 68
 4 29 36 58 73

Card ID: 136
 8 28 34 58 61
13 26 33 47 75
 1 17  0 52 65
 2 27 43 51 71
 6 30 41 50 67

Card ID: 137
12 29 32 47 63
 5 23 35 59 73
10 27  0 54 67
 4 24 38 46 70
 7 26 41 52 75

Card ID: 138
 6 28 37 54 62
12 24 35 52 67
 3 16  0 53 66
 4 26 38 46 64
 7 20 44 55 63

Card ID: 139
14 28 44 55 69
 7 22 31 49 61
10 26  0 53 62
15 16 40 48 73
12 30 35 47 75

Card ID: 140
 5 22 36 52 74
 7 16 35 47 71
12 27  0 57 64
11 19 37 59 66
 8 18 42 53 68

Card ID: 141
 2 19 33 46 61
13 26 41 49 66
 9 18  0 57 71
14 25 32 50 75
10 29 37 47 64

Card ID: 142
 3 18 33 54 69
15 27 44 52 70
 7 26  0 57 75
14 30 34 60 71
12 20 31 50 65

Card ID: 143
10 21 38 52 70
11 25 31 49 67
 5 19  0 47 62
 1 29 37 57 69
 4 23 40 48 64

Card ID: 144
 8 28 32 55 74
10 21 33 58 62
 2 26  0 59 73
 9 17 44 47 75
15 25 45 49 70

Card ID: 145
 4 28 31 55 69
 2 18 33 58 74
12 16  0 56 70
10 21 34 57 71
 1 27 38 51 75

Card ID: 146
 8 28 44 56 72
 1 16 42 53 66
11 21  0 60 65
 5 30 31 59 73
 2 23 40 47 62

Card ID: 147
15 26 39 50 64
 1 28 36 59 67
11 18  0 60 61
 7 22 41 52 74
 4 27 31 55 73

Card ID: 148
 3 17 34 59 70
12 18 39 47 65
 5 16  0 46 63
 6 21 33 58 75
 1 26 44 52 72

Card ID: 149
11 26 33 58 62
15 16 45 54 75
13 17  0 56 68
 2 23 32 60 74
 9 24 40 51 63

Card ID: 150
15 27 33 55 73
 2 21 32 52 74
 3 16  0 47 62
11 26 31 53 66
 8 18 35 57 64

Card ID: 151
 6 24 31 54 67
11 27 32 60 68
14 22  0 50 70
 7 23 34 49 65
 4 17 45 56 66

Card ID: 152
 9 24 43 56 63
 3 19 40 57 66
 2 30  0 51 72
 7 28 31 53 73
 5 22 36 46 75

Card ID: 153
11 26 36 46 75
12 17 43 58 74
 4 20  0 60 72
 1 24 35 57 70
 6 16 38 52 73

Card ID: 154
 2 21 31 53 69
13 25 33 59 62
 6 30  0 46 75
11 17 39 58 61
15 26 43 54 66

Card ID: 155
 8 28 38 60 67
15 21 31 46 66
 6 26  0 58 75
12 24 37 48 69
11 29 45 47 62

Card ID: 156
13 25 44 60 73
12 17 35 47 67
 6 27  0 59 75
15 19 43 55 72
 8 26 38 49 65

Card ID: 157
 3 20 35 55 68
 6 27 39 46 61
15 24  0 60 69
 9 25 38 58 73
 4 30 44 48 67

Card ID: 158
11 16 31 60 66
 3 26 44 56 68
15 30  0 54 65
 2 28 41 59 70
12 25 39 46 67

Card ID: 159
13 16 36 54 70
10 29 32 46 75
 9 17  0 56 65
 4 22 41 48 64
14 18 40 52 63

Card ID: 160
12 22 31 54 66
15 27 41 48 70
14 18  0 47 62
 7 20 37 56 61
 9 28 32 57 73

Card ID: 161
 6 18 33 53 65
15 29 34 55 64
13 21  0 57 70
 8 19 44 49 63
 9 24 39 48 69

Card ID: 162
13 28 36 56 68
11 22 38 48 65
 3 25  0 53 62
 7 18 39 51 71
 1 29 37 54 63

Card ID: 163
 1 22 45 46 62
14 24 35 48 66
10 19  0 55 75
 8 16 40 59 67
 3 25 38 52 74

Card ID: 164
15 30 31 57 64
 7 28 35 59 67
 6 22  0 53 66
10 27 45 50 68
 1 26 34 48 74

Card ID: 165
 9 27 31 51 73
 7 23 39 55 75
15 19  0 56 66
 3 21 38 54 62
11 25 44 58 67

Card ID: 166
 6 21 35 52 69
 5 16 45 49 74
 7 23  0 46 63
 4 22 34 50 71
11 18 44 58 68

Card ID: 167
 8 19 40 55 69
11 28 33 46 67
 5 22  0 58 66
 2 17 39 52 68
15 24 37 60 71

Card ID: 168
 1 18 31 58 69
 6 23 38 46 67
10 20  0 53 73
12 29 33 52 62
 8 19 34 60 70

Card ID: 169
 3 20 43 56 62
11 30 38 50 67
12 24  0 52 61
15 26 33 47 66
 6 17 40 46 74

Card ID: 170
14 16 39 48 72
 7 19 36 51 65
 5 25  0 47 69
13 24 35 60 67
 8 18 38 57 75

Card ID: 171
 6 23 43 57 73
 4 25 38 56 66
11 17  0 47 69
 1 29 32 59 71
12 26 33 48 67

Card ID: 172
 3 16 43 56 65
 7 20 38 51 64
 9 21  0 48 67
 8 28 42 53 71
 4 26 34 58 68

Card ID: 173
 3 28 40 56 61
 6 17 36 54 66
 5 25  0 60 74
13 27 44 51 65
 9 20 31 49 62

Card ID: 174
 2 24 39 55 74
 8 19 31 51 72
 1 16  0 53 61
11 30 35 60 71
 9 22 34 54 64

Card ID: 175
 1 27 38 53 67
12 16 39 58 72
 6 26  0 51 66
13 22 40 56 65
 3 17 36 46 63

Card ID: 176
 2 19 35 56 66
 9 26 34 46 75
 8 29  0 57 69
15 25 31 59 61
 5 23 33 51 65

Card ID: 177
 9 20 37 57 63
 8 17 40 60 75
10 28  0 52 70
 2 27 38 49 67
11 16 32 56 69

Card ID: 178
 5 16 41 53 71
 3 21 33 60 70
12 17  0 49 73
14 29 39 46 69
 9 26 44 50 75

Card ID: 179
 7 18 33 47 74
 8 30 38 58 62
 4 19  0 53 70
 6 20 41 54 65
15 24 31 52 61

Card ID: 180
11 26 40 48 75
15 30 42 49 61
10 24  0 54 65
12 23 31 53 68
 5 29 32 60 62

Card ID: 181
 3 28 38 51 63
 6 22 45 59 65
14 24  0 53 67
 2 21 32 58 68
10 19 39 56 73

Card ID: 182
12 26 41 57 73
14 25 39 60 68
 5 20  0 54 66
15 28 44 50 61
 6 17 34 51 65

Card ID: 183
 2 23 44 53 62
 6 26 31 49 68
14 25  0 58 71
12 17 35 59 66
 4 29 38 60 65

Card ID: 184
 4 16 34 47 66
 9 17 33 48 73
11 23  0 50 63
 8 22 31 49 69
 5 28 32 57 61

Card ID: 185
 7 28 45 60 69
10 21 38 56 66
 5 29  0 52 65
 1 17 32 49 61
 9 22 42 50 62

Card ID: 186
 3 25 38 58 71
14 21 36 60 66
12 22  0 47 72
 1 19 42 59 64
 2 30 37 49 63

Card ID: 187
 5 30 41 46 69
 6 18 33 52 64
 2 16  0 57 74
14 20 44 48 70
 8 24 42 55 62

Card ID: 188
 2 26 39 57 62
13 28 44 60 74
 8 16  0 56 70
11 24 38 58 72
 6 20 37 46 63

Card ID: 189
 9 30 38 47 67
 5 26 32 59 66
12 21  0 56 62
15 17 36 52 61
 1 19 35 51 75

Card ID: 190
 3 21 38 50 74
12 29 44 57 61
 8 24  0 58 65
15 16 31 54 69
 2 27 35 52 62

Card ID: 191
10 25 45 60 73
 6 29 36 51 61
 5 24  0 50 70
 7 22 34 49 66
 9 21 32 56 62

Card ID: 192
13 21 40 54 61
14 28 36 57 63
 4 27  0 50 64
12 20 37 49 66
 5 26 34 59 73

Card ID: 193
14 27 32 52 68
 7 18 35 54 69
 6 26  0 47 65
10 23 43 55 67
 1 22 41 57 62

Card ID: 194
10 28 44 57 71
15 26 45 51 64
 5 17  0 47 63
11 21 41 56 66
 8 24 35 46 67

Card ID: 195
10 26 43 53 63
11 19 42 46 66
 7 17  0 52 71
13 18 44 56 61
14 25 39 60 69

Card ID: 196
 2 18 33 50 66
11 30 31 48 74
 3 22  0 58 70
 7 24 34 53 65
 5 19 39 47 64

Card ID: 197
12 21 32 50 74
14 23 31 51 70
10 19  0 54 66
15 25 43 47 71
11 16 40 53 68

Card ID: 198
 1 23 38 46 71
 6 19 35 53 67
11 20  0 54 66
14 21 36 47 73
 9 27 37 48 69

Card ID: 199
12 19 41 46 63
 2 25 32 51 66
11 20  0 54 67
 6 27 40 56 74
 7 29 37 50 71

Card ID: 200
10 26 33 48 72
15 24 37 60 68
 1 22  0 49 66
 7 23 34 47 65
 2 30 43 58 69

Card ID: 201
 8 29 38 46 70
14 22 45 60 74
 5 19  0 52 75
15 28 33 49 63
 1 27 35 50 65

Card ID: 202
10 24 32 57 72
 5 29 37 56 63
 2 19  0 47 64
14 21 42 51 74
 9 30 40 49 71

Card ID: 203
13 29 43 47 75
 5 30 40 53 65
 3 26  0 48 72
14 17 33 56 66
11 25 41 49 70

Card ID: 204
 7 24 35 56 69
 9 21 32 55 73
 5 16  0 52 62
14 26 44 50 71
 4 20 36 54 67

Card ID: 205
 7 27 41 60 67
 8 30 40 55 66
12 21  0 50 75
 1 25 42 52 71
 5 19 43 57 65

Card ID: 206
13 19 41 54 64
15 16 33 56 73
14 28  0 57 72
 4 27 38 59 65
11 25 45 48 70

Card ID: 207
 8 28 44 51 66
13 19 37 55 61
 1 22  0 56 62
14 23 32 52 70
 9 16 43 50 63

Card ID: 208
 3 16 41 60 61
 1 24 43 58 67
12 30  0 48 69
15 18 44 55 63
 8 20 40 51 68

Card ID: 209
15 19 33 56 70
 7 25 45 50 68
 9 18  0 47 61
 8 26 44 60 71
11 30 37 46 67

Card ID: 210
 1 27 45 49 67
11 29 43 46 62
14 30  0 50 69
 5 23 42 53 75
 2 19 32 51 64

Card ID: 211
 5 26 42 56 67
12 27 32 46 72
14 18  0 59 73
 2 24 43 58 70
13 25 37 47 62

Card ID: 212
15 26 41 54 68
 4 25 43 52 73
12 17  0 50 70
 8 30 35 46 61
13 27 45 56 72

Card ID: 213
 3 26 43 54 61
 2 30 44 56 71
 4 21  0 59 69
 6 18 37 53 70
12 19 32 48 73

Card ID: 214
15 25 33 47 67
11 18 37 51 61
 7 19  0 55 66
12 21 38 54 72
 8 28 45 46 69

Card ID: 215
13 29 38 60 71
 1 22 31 55 68
 9 17  0 52 73
11 27 35 58 64
 7 24 39 47 66

Card ID: 216
15 25 36 51 70
 1 26 33 49 64
11 22  0 50 65
13 20 38 57 72
 9 24 41 52 74

Card ID: 217
12 29 33 51 61
 2 22 38 53 64
15 30  0 55 73
 4 27 34 60 72
 8 21 45 52 74

Card ID: 218
 6 16 37 47 69
 7 22 43 55 73
 2 24  0 58 66
 9 30 42 52 65
 3 25 38 51 72

Card ID: 219
 5 24 41 51 73
12 30 37 47 65
15 18  0 50 70
 7 19 32 53 69
 8 20 35 56 61

Card ID: 220
 1 28 43 49 68
 2 16 34 55 64
 7 30  0 56 69
 9 21 41 53 70
 8 20 35 51 71

Card ID: 221
 5 26 36 50 74
12 20 42 47 62
 8 28  0 60 71
 7 24 32 51 67
 4 30 44 49 65

Card ID: 222
10 24 34 53 64
11 29 32 54 65
14 23  0 60 67
15 18 33 58 72
 5 16 37 56 69

Card ID: 223
 2 27 37 50 61
 5 21 33 54 66
 8 24  0 49 73
 7 25 39 46 74
 4 30 45 58 75

Card ID: 224
14 26 36 47 74
 2 21 41 58 73
 5 22  0 52 75
 8 27 35 57 61
10 16 42 59 68

Card ID: 225
15 23 32 54 68
 9 18 43 60 69
12 26  0 47 73
14 30 35 57 61
13 22 39 59 63

Card ID: 226
13 27 37 47 68
12 29 40 52 64
 4 25  0 60 75
 9 26 32 49 61
 7 30 35 55 69

Card ID: 227
 9 16 35 58 66
 2 19 31 54 75
 4 27  0 46 67
11 17 40 52 73
 1 28 45 59 71

Card ID: 228
 9 19 43 48 66
 8 17 44 54 62
13 21  0 57 73
 2 26 39 59 69
 4 20 35 47 64

Card ID: 229
 3 24 40 52 75
13 30 43 49 66
12 27  0 47 63
 9 20 31 58 74
10 29 38 60 64

Card ID: 230
 7 22 45 52 70
13 23 42 54 65
 3 21  0 51 67
 2 19 38 48 73
 8 26 35 53 71

Card ID: 231
14 27 43 55 68
13 24 34 58 74
 3 22  0 59 64
10 17 33 46 73
 7 28 35 51 65

Card ID: 232
 2 27 37 51 62
14 16 31 56 61
 3 30  0 52 74
 7 17 38 60 66
 8 28 39 47 63

Card ID: 233
 4 17 31 52 71
 3 16 36 54 74
10 26  0 50 70
 5 20 32 60 72
15 19 41 49 68

Card ID: 234
 6 26 38 59 61
13 28 34 48 62
 9 23  0 60 73
 8 22 37 53 70
10 29 43 55 65

Card ID: 235
13 24 43 50 73
 7 25 33 55 72
 9 29  0 56 69
15 21 44 57 68
10 23 36 52 71

Card ID: 236
 7 26 40 47 62
 8 29 39 58 70
 6 20  0 49 66
11 24 41 52 67
 3 22 43 55 61

Card ID: 237
13 17 42 50 70
 5 26 41 48 63
 4 18  0 58 62
 9 24 38 56 61
14 21 37 59 74

Card ID: 238
11 23 31 57 65
13 25 43 58 72
 7 19  0 47 69
 5 29 33 52 63
 3 16 41 60 67

Card ID: 239
 2 19 38 57 65
 7 26 45 52 69
 9 29  0 47 67
 8 18 40 49 66
14 24 34 50 72

Card ID: 240
 1 17 45 56 63
 7 23 39 60 61
 4 21  0 55 62
13 25 36 50 69
12 18 44 53 73

Card ID: 241
10 16 32 59 71
 4 27 42 56 67
 3 30  0 49 74
12 28 35 52 65
 9 18 33 54 66

Card ID: 242
15 21 38 49 74
10 30 41 59 67
 4 23  0 51 62
13 16 34 58 69
11 25 32 54 65

Card ID: 243
 2 21 37 59 73
14 19 45 57 74
 3 27  0 56 70
 6 26 36 60 71
11 24 31 52 67

Card ID: 244
 3 30 35 51 67
 7 25 32 56 74
12 27  0 54 70
 9 28 44 55 64
14 23 42 53 75

Card ID: 245
 6 21 38 54 68
13 16 34 55 66
 3 20  0 57 73
 8 17 37 56 61
 7 27 42 46 69

Card ID: 246
 7 20 38 52 62
12 21 41 56 71
10 18  0 53 66
 5 29 44 58 65
 1 16 45 47 74

Card ID: 247
11 26 35 53 69
 4 28 32 51 65
 8 16  0 47 68
 3 17 39 54 74
 5 19 34 58 72

Card ID: 248
 6 30 43 52 72
15 26 32 56 68
10 18  0 46 61
 7 17 41 60 69
 4 24 31 48 75

Card ID: 249
12 18 35 57 70
 6 27 45 53 65
15 16  0 48 69
 5 22 41 47 68
13 29 36 56 67

Card ID: 250
10 30 41 53 75
 7 21 43 52 71
 4 26  0 46 72
 8 23 34 57 67
14 25 32 54 74

Card ID: 251
 1 28 38 59 65
 9 19 35 53 74
12 30  0 48 62
13 17 39 60 66
 3 22 36 47 67

Card ID: 252
 9 25 35 49 67
12 19 41 56 72
 6 26  0 54 73
10 24 38 52 65
 3 18 39 58 62

Card ID: 253
13 27 41 59 68
 3 19 36 55 63
15 29  0 60 67
12 24 43 58 62
 8 18 38 47 72

Card ID: 254
 7 27 35 51 62
12 25 45 54 64
 5 16  0 47 72
 9 28 44 56 65
 1 22 36 46 68

Card ID: 255
14 28 41 55 67
12 25 43 47 73
 4 19  0 53 66
 7 27 35 49 64
 1 24 44 56 63

Card ID: 256
 1 29 39 60 73
 9 30 43 52 74
 5 25  0 57 62
11 23 33 49 66
 3 20 36 54 69

Card ID: 257
 5 17 43 59 65
 8 18 36 46 75
 4 25  0 58 68
11 21 45 48 67
 9 24 42 55 63

Card ID: 258
 7 21 35 55 71
15 23 36 48 64
 8 30  0 46 65
 9 16 34 56 68
10 17 42 57 75

Card ID: 259
 2 29 41 60 64
 7 18 35 50 74
 8 30  0 54 75
 4 22 45 51 69
15 27 36 58 73

Card ID: 260
13 22 35 52 63
 6 23 34 49 67
11 20  0 60 75
 2 29 41 48 71
14 16 32 46 65

Card ID: 261
 5 22 35 54 70
12 17 42 56 73
10 29  0 59 67
 9 18 34 46 72
 6 23 40 57 61

Card ID: 262
10 24 42 49 74
15 26 36 54 71
14 29  0 58 67
 8 21 41 56 65
12 28 39 57 63

Card ID: 263
14 24 35 57 69
11 22 40 49 63
 7 20  0 48 75
 4 25 38 51 72
15 16 32 58 70

Card ID: 264
 5 22 36 53 72
 1 26 39 58 73
12 17  0 59 64
 8 16 45 50 66
15 19 32 51 75

Card ID: 265
10 20 45 52 75
 5 16 34 59 61
 3 29  0 58 67
 9 23 40 60 68
 1 17 37 46 69

Card ID: 266
 6 25 45 46 65
 9 30 35 48 73
15 27  0 57 72
10 16 32 60 74
 8 19 40 55 71

Card ID: 267
13 22 44 49 61
15 23 41 53 62
 8 17  0 60 66
12 16 31 58 74
 6 24 37 51 63

Card ID: 268
 6 27 35 48 63
 4 16 37 50 64
15 28  0 47 69
 5 30 31 58 75
 3 18 45 55 65

Card ID: 269
 9 19 32 55 69
 5 16 45 48 62
 6 24  0 53 68
12 30 33 58 66
 7 29 41 50 73

Card ID: 270
 2 20 33 49 69
 4 25 41 60 64
 3 29  0 55 75
14 23 32 57 67
 6 24 42 53 74

Card ID: 271
11 27 41 54 71
 1 18 43 52 63
12 22  0 58 70
10 24 36 49 73
13 25 31 57 74

Card ID: 272
 5 29 36 58 65
13 19 35 47 70
 1 27  0 46 67
12 22 45 54 66
11 21 34 51 74

Card ID: 273
 2 27 38 51 61
 6 21 33 57 73
 9 26  0 58 67
 4 18 43 55 66
 7 29 32 52 74

Card ID: 274
 6 20 40 50 71
 9 26 42 49 63
 2 25  0 60 64
 5 30 35 51 67
15 17 31 47 69

Card ID: 275
 3 16 33 56 66
 9 27 45 57 69
14 20  0 50 74
13 29 39 52 71
 4 24 40 55 68

Card ID: 276
 2 29 43 50 73
 7 24 41 46 64
 5 23  0 57 63
 1 30 44 52 62
 8 22 31 49 72

Card ID: 277
 4 26 42 53 69
 7 19 43 60 66
12 16  0 58 64
11 24 44 46 62
13 25 45 48 74

Card ID: 278
 2 25 35 49 71
 4 22 31 58 66
11 20  0 53 62
 8 30 41 59 68
15 19 45 57 64

Card ID: 279
11 25 40 58 72
12 21 31 54 62
 6 20  0 51 73
 7 26 42 46 65
 9 27 45 52 74

Card ID: 280
 5 28 36 50 64
 1 16 34 58 61
10 20  0 56 74
15 19 37 54 73
 6 18 39 46 75

Card ID: 281
 3 16 44 47 73
 8 25 32 46 70
 2 20  0 49 74
13 23 35 59 62
 1 21 31 48 61

Card ID: 282
13 27 40 57 69
 6 19 31 51 65
 5 16  0 52 72
 8 29 35 53 62
 1 26 37 59 74

Card ID: 283
12 19 34 55 68
 7 18 36 58 73
 3 16  0 54 74
 1 26 37 46 67
15 20 42 48 70

Card ID: 284
13 24 36 57 64
 5 19 40 58 68
12 26  0 59 75
 8 29 33 60 71
 1 22 45 46 65

Card ID: 285
14 20 39 52 62
 5 22 41 51 64
 6 28  0 57 70
13 21 43 47 73
 2 27 45 53 66

Card ID: 286
 9 19 32 56 67
11 25 41 50 61
13 18  0 51 74
 1 27 34 53 71
 3 22 44 46 70

Card ID: 287
11 26 40 60 65
 1 17 34 49 68
 8 18  0 55 66
15 21 44 51 72
14 24 43 56 75

Card ID: 288
 8 29 38 59 63
15 17 34 55 69
 9 22  0 58 66
 3 24 43 54 67
12 19 31 52 72

Card ID: 289
11 16 31 49 68
 3 20 35 54 65
 9 30  0 52 70
 1 21 40 53 62
15 18 44 55 74

Card ID: 290
 1 29 41 55 64
 3 26 40 57 68
13 28  0 51 69
15 17 39 47 74
14 20 44 58 63

Card ID: 291
11 29 32 48 64
 9 17 45 54 63
 1 26  0 57 62
 2 25 40 50 67
10 16 35 60 70

Card ID: 292
 6 17 45 46 72
 2 22 43 56 74
13 21  0 59 66
 4 16 41 55 62
 9 30 39 52 70

Card ID: 293
 3 16 43 59 65
 4 18 38 47 69
15 21  0 60 63
13 17 42 51 71
12 29 33 49 74

Card ID: 294
13 26 45 49 66
 2 18 35 54 75
 4 23  0 50 67
14 22 38 55 68
 9 19 43 56 63

Card ID: 295
11 27 42 54 71
10 25 32 60 64
15 17  0 46 68
 6 30 45 52 65
 9 20 43 47 75

Card ID: 296
 5 20 39 55 70
 9 28 37 53 66
 2 29  0 48 61
 7 19 32 54 72
10 26 40 49 62

Card ID: 297
 9 23 40 57 62
 5 30 37 56 75
 1 27  0 54 69
10 21 34 49 74
15 26 45 55 71

Card ID: 298
 6 30 31 53 72
 2 24 33 55 61
 1 25  0 56 62
10 20 45 50 69
15 21 35 49 63

Card ID: 299
 5 16 41 53 67
 2 26 40 59 74
12 20  0 57 62
10 25 39 50 70
 1 24 42 52 64

Card ID: 300
13 21 35 52 74
 5 25 34 50 72
15 29  0 48 75
 3 28 41 58 71
14 23 31 54 70

Card ID: 301
10 22 40 46 73
 9 26 31 55 67
 7 24  0 50 72
11 20 43 52 66
12 27 35 53 61

Card ID: 302
 5 25 38 54 64
15 17 36 47 68
12 29  0 53 67
 7 24 44 56 61
10 21 45 59 65

Card ID: 303
13 18 41 55 62
11 26 45 54 63
14 25  0 49 71
 4 29 32 53 68
15 27 31 51 61

Card ID: 304
12 19 36 55 67
 2 16 38 46 65
13 18  0 57 61
11 22 35 54 69
 8 30 45 50 73

Card ID: 305
 9 29 31 49 71
 2 21 39 56 73
13 26  0 48 61
12 24 37 57 72
14 28 36 53 68

Card ID: 306
 5 20 35 56 72
 2 28 43 58 64
 1 22  0 53 67
13 18 44 47 66
14 17 38 51 71

Card ID: 307
14 27 45 47 72
10 19 37 58 61
 4 28  0 55 75
 1 25 42 56 65
12 23 44 49 64

Card ID: 308
 6 29 34 57 74
14 20 33 49 69
 4 19  0 46 67
10 28 39 52 75
15 23 41 47 62

Card ID: 309
10 28 41 46 65
11 18 36 56 61
15 24  0 48 67
 9 26 42 54 71
 5 23 38 51 66

Card ID: 310
10 18 33 60 70
11 16 34 55 69
 1 29  0 53 72
 7 23 31 46 62
 8 17 32 56 63

Card ID: 311
 8 28 31 52 71
 4 29 33 56 62
 3 18  0 51 72
 1 27 45 46 69
 5 17 32 47 66

Card ID: 312
 3 30 41 54 75
 1 17 43 49 74
 5 16  0 48 63
12 29 34 58 61
 8 23 33 50 70

Card ID: 313
15 29 42 59 71
10 25 31 48 63
 8 24  0 58 72
 4 26 45 47 75
 5 30 33 49 62

Card ID: 314
15 29 42 58 73
 1 20 39 48 65
 5 19  0 52 66
12 23 35 60 62
 7 28 44 55 61

Card ID: 315
 4 29 40 55 62
 3 26 41 56 61
11 27  0 49 70
 1 30 34 51 64
 2 25 36 54 67

Card ID: 316
 7 23 40 60 73
 8 22 45 48 63
10 30  0 58 62
11 28 36 55 61
12 24 35 56 72

Card ID: 317
 4 19 36 51 63
14 18 39 47 61
 5 21  0 55 74
 6 22 45 54 71
15 17 40 50 70

Card ID: 318
15 16 32 60 69
 5 25 37 56 70
13 29  0 54 62
 9 22 33 52 68
14 19 39 57 75

Card ID: 319
 9 20 31 51 65
10 26 38 57 68
 7 29  0 60 63
 3 21 43 50 64
15 27 44 49 71

Card ID: 320
12 29 42 48 72
 6 19 40 54 61
10 16  0 49 63
 4 21 43 60 68
 7 17 36 50 62

Card ID: 321
 5 18 39 56 62
11 29 38 47 73
 9 23  0 49 74
 4 19 35 54 64
 2 17 40 51 75

Card ID: 322
14 16 45 53 75
12 24 38 54 65
13 17  0 51 68
 3 30 34 55 62
 4 25 41 49 73

Card ID: 323
12 25 40 58 70
10 17 34 46 72
11 26  0 51 75
 4 22 41 56 62
13 16 31 60 73

Card ID: 324
 1 26 31 46 75
 9 16 43 47 65
13 29  0 49 73
15 28 41 56 63
 2 18 38 53 67

Card ID: 325
 7 27 35 54 72
 5 24 33 48 65
 6 17  0 49 75
 8 23 32 60 66
12 26 31 55 73

Card ID: 326
 6 19 43 46 68
10 26 32 53 61
14 23  0 52 63
11 21 35 55 70
 1 16 45 56 67

Card ID: 327
 9 23 40 50 69
13 25 36 53 68
 6 17  0 47 71
 5 19 42 52 64
 7 21 38 54 70

Card ID: 328
 6 16 45 52 70
14 20 39 57 64
 1 26  0 47 74
 8 30 41 49 66
 3 24 35 50 65

Card ID: 329
 3 18 41 49 64
12 20 42 53 66
11 25  0 57 72
 5 23 45 55 65
 1 17 36 50 63

Card ID: 330
 1 30 33 57 75
 6 26 42 60 61
 7 17  0 51 66
 3 21 32 49 64
 2 23 41 47 70

Card ID: 331
13 26 38 48 67
 8 22 34 58 61
 1 18  0 59 71
 2 25 45 56 66
12 21 33 46 64

Card ID: 332
 8 16 36 51 62
15 20 45 50 67
13 21  0 54 75
 2 26 39 53 73
12 29 32 58 71

Card ID: 333
 6 21 45 50 75
 8 25 38 48 67
13 22  0 54 69
 1 30 39 56 62
 2 28 40 47 70

Card ID: 334
 4 18 45 48 64
11 24 40 50 74
 7 16  0 55 66
 8 29 31 53 72
15 25 34 51 67

Card ID: 335
 2 24 34 51 62
 7 22 45 59 71
10 18  0 55 67
11 21 32 56 66
 6 30 39 47 61

Card ID: 336
11 27 42 52 69
 1 23 38 46 73
 2 18  0 59 74
 7 30 43 54 65
12 17 31 58 71

Card ID: 337
 5 17 45 57 61
 2 25 44 51 73
13 22  0 46 67
 8 18 31 55 65
11 27 38 47 68

Card ID: 338
12 26 44 56 67
 5 28 33 47 62
 1 24  0 48 70
11 22 40 54 66
 2 29 42 57 75

Card ID: 339
11 17 38 52 71
 3 26 42 47 64
 6 24  0 50 75
10 23 32 53 61
12 22 34 55 73

Card ID: 340
 6 29 42 53 65
 5 26 39 51 68
13 19  0 56 63
 7 28 40 54 73
 8 18 45 48 66

Card ID: 341
14 18 38 50 65
12 26 44 47 62
 3 30  0 46 64
 4 22 41 57 67
 9 21 37 56 61

Card ID: 342
 5 30 32 56 66
15 29 33 59 65
 6 19  0 48 63
13 23 42 52 72
 3 22 31 53 70

Card ID: 343
14 18 42 52 71
12 29 37 55 63
11 19  0 46 62
 5 28 38 53 65
10 25 41 51 67

Card ID: 344
13 25 42 57 67
12 24 34 59 70
 9 18  0 50 72
14 20 33 55 74
10 23 38 60 66

Card ID: 345
14 17 42 60 71
 4 29 34 47 69
 8 16  0 56 72
 7 21 37 53 75
12 20 41 57 64

Card ID: 346
13 20 39 47 70
15 24 33 56 73
 8 30  0 59 61
 1 18 38 58 65
11 23 32 53 72

Card ID: 347
11 30 32 57 67
 6 18 36 53 70
10 27  0 46 61
 7 25 40 48 74
 5 23 31 56 66

Card ID: 348
 9 29 41 49 67
15 20 34 47 62
12 26  0 56 66
 5 19 35 50 74
14 28 39 60 72

Card ID: 349
 5 22 37 49 63
 8 24 43 51 72
 4 25  0 47 73
 1 29 36 46 69
 3 21 35 52 66

Card ID: 350
 9 18 38 53 74
 6 22 39 51 64
12 24  0 56 72
 4 17 45 48 70
14 28 40 47 69

Card ID: 351
 5 17 39 46 73
 8 21 43 55 63
 2 26  0 56 61
13 24 45 52 67
11 28 41 50 62

Card ID: 352
14 23 42 58 63
12 21 37 53 69
 3 16  0 52 61
 1 25 36 54 75
13 27 41 56 70

Card ID: 353
 4 30 31 46 66
 7 22 32 50 70
 5 24  0 59 75
 9 28 33 56 63
 8 18 35 49 65

Card ID: 354
12 26 35 55 63
 1 22 32 60 61
13 19  0 58 69
 3 23 45 51 71
 9 28 37 49 65

Card ID: 355
 1 24 41 55 63
12 21 45 47 62
 6 30  0 59 72
11 22 39 51 64
 5 20 35 57 65

Card ID: 356
15 16 33 60 72
 2 23 41 50 70
 6 28  0 55 65
 1 21 36 53 63
 9 29 40 54 67

Card ID: 357
 9 28 35 53 67
 5 30 40 54 66
10 23  0 46 64
11 16 31 56 72
 4 25 42 57 70

Card ID: 358
 1 27 33 56 62
 5 25 44 52 72
 9 21  0 60 64
14 28 38 54 73
 6 18 39 59 74

Card ID: 359
 7 26 32 57 63
13 19 43 55 62
 4 25  0 52 73
 1 22 36 46 67
10 18 41 49 64

Card ID: 360
 4 20 34 50 75
15 30 41 60 69
10 16  0 56 65
 9 19 35 53 70
11 18 39 57 66

Card ID: 361
 4 22 39 60 62
 8 20 42 50 73
10 27  0 47 68
 1 26 36 48 69
 3 30 41 53 72

Card ID: 362
15 24 37 50 72
 9 23 43 58 64
 2 21  0 52 67
13 25 34 54 73
14 17 38 59 71

Card ID: 363
 8 16 42 51 63
11 26 41 58 72
13 20  0 54 65
 3 23 34 49 71
14 18 31 50 75

Card ID: 364
12 26 33 47 63
14 25 37 58 72
 1 29  0 49 64
 8 16 39 57 71
 2 20 38 52 61

Card ID: 365
15 21 40 55 62
 8 27 36 49 69
10 24  0 58 61
 4 26 41 46 73
11 23 38 52 65

Card ID: 366
12 21 34 49 65
 9 27 33 59 66
 8 19  0 48 64
14 16 32 46 61
 3 20 38 58 70

Card ID: 367
12 29 41 51 66
 4 27 37 47 70
 3 25  0 56 71
 2 16 40 57 62
10 30 32 55 73

Card ID: 368
 1 17 37 58 63
 7 27 31 57 74
 8 28  0 51 62
 4 21 35 56 75
 2 18 33 48 64

Card ID: 369
 7 27 42 56 75
10 23 35 51 72
12 16  0 55 62
15 20 34 46 65
14 22 33 57 68

Card ID: 370
14 21 39 48 66
 5 19 44 60 75
 7 20  0 50 70
12 23 45 51 65
 4 28 37 58 74

Card ID: 371
 1 25 39 52 74
 6 29 45 59 73
 7 17  0 46 68
14 23 35 48 71
15 24 34 49 70

Card ID: 372
 3 19 32 56 62
 5 17 40 54 63
10 27  0 49 71
 7 24 38 55 65
15 29 37 57 74

Card ID: 373
 9 27 32 59 75
 1 28 37 57 73
12 30  0 58 74
 3 23 31 56 70
 4 25 35 51 64

Card ID: 374
15 21 31 57 66
 5 23 40 58 73
11 27  0 52 68
 3 20 41 59 74
10 25 35 46 70

Card ID: 375
 8 25 40 51 64
15 18 44 48 66
11 27  0 54 61
 6 16 45 53 74
10 28 31 50 62

Card ID: 376
 6 20 40 59 62
 9 16 33 57 69
 7 19  0 56 67
14 18 39 54 66
13 30 31 48 75

Card ID: 377
15 30 32 60 66
 5 19 42 51 75
 8 17  0 53 61
10 26 44 49 71
 3 21 43 57 73

Card ID: 378
 4 25 36 54 62
 7 17 33 49 63
 5 19  0 51 66
 9 28 41 56 70
11 30 44 47 64

Card ID: 379
13 16 39 57 71
 9 17 43 53 73
11 22  0 52 65
 3 27 38 50 61
 5 19 32 56 67

Card ID: 380
 8 30 34 46 61
 1 28 31 51 73
15 21  0 50 69
 9 29 37 48 75
 6 19 45 55 64

Card ID: 381
13 29 31 56 67
15 21 38 47 71
 8 20  0 53 68
14 17 35 59 70
 7 30 39 55 66

Card ID: 382
 9 23 42 53 61
 3 27 36 59 73
14 29  0 48 72
12 17 39 55 67
 5 25 35 51 65

Card ID: 383
 6 29 43 52 65
 5 16 36 50 71
 4 22  0 55 75
11 28 38 60 67
 7 19 32 51 69

Card ID: 384
 3 16 44 59 71
 1 18 42 54 73
 4 19  0 47 63
11 23 36 56 74
14 27 31 52 62

Card ID: 385
 1 17 44 51 62
 3 19 35 57 64
15 26  0 55 67
 7 24 39 47 71
 8 29 38 54 73

Card ID: 386
13 24 32 54 72
 8 23 38 59 65
 9 30  0 52 67
 6 18 44 47 69
 1 17 45 51 64

Card ID: 387
13 24 42 55 64
15 22 38 46 71
 6 16  0 58 67
 9 26 35 60 61
12 18 45 50 66

Card ID: 388
13 21 31 54 72
 7 16 32 58 70
 2 22  0 47 74
11 30 45 46 75
10 25 33 52 69

Card ID: 389
 1 25 40 59 64
11 24 33 56 74
12 27  0 58 73
14 26 37 51 70
15 17 34 57 63

Card ID: 390
 5 19 37 48 68
13 21 44 49 62
10 27  0 60 75
12 16 31 46 63
 7 28 42 50 64

Card ID: 391
 2 21 43 60 73
12 26 35 49 74
 7 17  0 58 61
 1 18 40 56 62
 8 19 45 50 66

Card ID: 392
14 28 43 46 61
 4 27 39 52 66
 7 26  0 56 73
 8 17 33 47 72
 6 22 40 54 62

Card ID: 393
 1 20 39 59 74
 4 25 37 46 69
 6 27  0 49 71
 7 30 42 58 66
 8 28 33 53 72

Card ID: 394
15 24 31 56 75
 6 17 37 50 69
 3 20  0 47 66
 8 28 41 48 70
 1 18 39 59 61

Card ID: 395
 8 28 35 48 66
 9 18 37 55 63
11 20  0 58 61
 5 27 45 47 70
 3 26 38 46 64

Card ID: 396
 5 21 38 48 72
 3 24 35 55 64
15 20  0 52 68
 8 23 34 53 75
12 30 39 59 67

Card ID: 397
 8 26 39 51 67
 2 22 37 50 71
 5 16  0 56 66
 9 28 44 60 69
 3 29 33 52 72

Card ID: 398
 1 29 43 51 72
 7 18 40 48 61
11 30  0 57 73
15 19 42 60 71
13 21 41 53 64

Card ID: 399
10 16 33 51 71
 7 22 39 59 69
 8 21  0 56 73
12 25 42 58 68
14 20 45 55 65

Card ID: 400
10 22 37 55 62
11 20 31 51 67
 1 16  0 49 74
15 24 41 57 71
 8 18 36 48 61

Card ID: 401
12 28 42 58 63
15 17 41 50 67
 8 27  0 55 62
14 18 44 59 74
 2 25 40 57 75

Card ID: 402
 7 29 35 46 75
 6 20 32 58 74
14 19  0 48 66
11 26 42 53 65
13 23 33 51 68

Card ID: 403
 2 28 35 56 69
 7 20 45 58 73
 1 22  0 49 61
 5 24 43 54 68
 9 18 40 48 62

Card ID: 404
 2 18 34 58 65
10 21 36 59 73
14 20  0 49 63
13 30 35 53 61
 3 28 40 55 71

Card ID: 405
13 18 38 48 65
 9 19 43 52 75
11 21  0 49 72
 1 22 39 54 63
 2 29 32 59 66

Card ID: 406
 5 21 44 59 72
 2 26 31 56 70
 7 24  0 47 71
14 23 32 60 62
12 28 43 50 63

Card ID: 407
13 24 44 56 75
12 20 45 54 74
 8 27  0 47 72
 9 18 39 50 64
11 19 36 57 70

Card ID: 408
 8 18 41 53 71
10 30 31 54 73
14 28  0 47 70
13 29 45 52 75
 9 26 33 57 61

Card ID: 409
 9 27 37 49 69
 8 30 38 55 61
 1 24  0 47 63
 4 19 41 51 62
11 21 34 59 65

Card ID: 410
10 19 44 60 61
 5 30 42 51 63
 9 27  0 47 74
11 20 36 49 70
 7 29 40 54 69

Card ID: 411
 8 19 38 46 69
 7 24 44 58 74
13 16  0 47 73
 4 17 43 55 66
 1 22 42 48 64

Card ID: 412
13 29 40 46 68
 7 28 33 57 61
11 17  0 55 72
 3 22 37 60 63
10 20 35 56 70

Card ID: 413
 3 29 45 60 68
14 21 40 54 62
13 19  0 53 67
10 17 43 46 64
 7 20 39 52 69

Card ID: 414
 2 18 35 50 74
 4 21 31 46 68
10 20  0 54 62
 6 28 38 52 64
 1 27 32 57 71

Card ID: 415
 3 22 35 59 62
10 26 36 49 61
 7 21  0 51 67
 1 20 38 53 66
 9 16 42 46 73

Card ID: 416
15 18 41 54 71
 3 27 39 47 73
10 30  0 57 75
 6 25 38 53 61
11 16 37 59 62

Card ID: 417
15 17 32 59 68
 6 18 38 51 65
13 19  0 56 73
 3 24 36 49 62
12 23 33 57 69

Card ID: 418
15 25 36 50 64
 6 24 35 55 75
 5 16  0 56 67
10 26 43 49 71
 4 20 44 51 72

Card ID: 419
 6 22 37 48 64
 1 29 31 47 66
12 19  0 55 74
 8 17 35 49 61
15 30 36 57 75

Card ID: 420
11 30 44 48 61
10 26 38 49 66
 9 24  0 51 67
15 16 36 52 73
 5 23 34 56 75

Card ID: 421
 1 30 43 50 75
 3 27 40 60 72
14 18  0 54 61
 7 25 44 55 73
15 24 33 47 66

Card ID: 422
 6 17 40 59 73
 4 23 33 58 72
 7 24  0 48 71
 1 19 31 52 70
10 28 42 56 67

Card ID: 423
 7 16 39 53 71
 5 23 42 50 65
15 18  0 54 74
13 25 41 46 62
 4 29 43 58 75

Card ID: 424
13 26 33 57 61
 1 29 39 58 63
 5 16  0 60 75
 8 27 44 47 67
14 30 38 53 64

Card ID: 425
 4 29 39 47 63
10 26 45 60 73
 3 21  0 59 64
 7 22 33 48 67
 8 17 35 58 61

Card ID: 426
13 30 36 52 63
 3 28 31 48 73
15 26  0 60 70
 6 16 42 47 65
 2 27 43 46 66

Card ID: 427
11 25 34 55 64
 7 20 42 57 61
12 16  0 58 62
15 18 32 52 63
 1 30 31 59 66

Card ID: 428
 3 29 40 52 70
 2 21 33 49 68
11 28  0 55 72
14 30 31 53 64
15 22 41 60 75

Card ID: 429
 2 18 43 59 73
 9 28 38 46 67
13 23  0 48 69
 4 21 36 55 70
12 26 35 54 74

Card ID: 430
 5 18 40 57 64
10 20 33 53 73
15 26  0 55 69
 8 27 37 54 67
12 21 36 46 63

Card ID: 431
 5 16 38 52 72
11 27 43 46 65
 7 24  0 59 61
 4 17 32 54 71
13 22 39 51 62

Card ID: 432
11 25 31 51 69
 4 26 33 47 70
 6 28  0 60 67
15 22 43 59 66
 7 19 37 52 68

Card ID: 433
 1 20 34 48 65
12 25 32 56 66
 6 27  0 47 70
11 21 40 49 74
14 19 42 60 67

Card ID: 434
14 21 41 59 67
 4 18 34 52 68
 3 16  0 53 62
 8 26 38 55 75
 7 19 31 46 74

Card ID: 435
 8 29 37 46 70
 3 18 36 50 72
 1 16  0 51 74
12 20 38 56 69
11 17 33 49 66

Card ID: 436
 6 27 43 53 70
10 26 36 55 73
 7 23  0 51 66
15 24 39 58 71
 3 25 35 47 72

Card ID: 437
 9 20 41 51 68
 8 16 33 59 73
10 17  0 57 74
 3 30 42 47 70
 2 18 37 50 69

Card ID: 438
 9 26 42 49 64
15 17 40 51 63
 5 23  0 52 75
10 24 43 47 73
 8 29 32 54 72

Card ID: 439
 1 29 38 50 66
 5 16 35 46 71
 4 28  0 59 61
15 18 37 54 69
11 26 45 58 74

Card ID: 440
 3 16 37 51 71
14 22 34 46 68
 1 17  0 49 65
 7 20 43 59 72
10 27 36 50 67

Card ID: 441
 6 18 42 52 62
 4 16 38 47 75
14 30  0 46 68
 9 19 33 48 61
15 21 34 56 66

Card ID: 442
 6 18 45 57 75
11 26 37 48 72
 9 20  0 51 74
 2 27 36 60 67
12 29 43 49 61

Card ID: 443
 9 16 35 60 61
 6 29 43 56 64
 3 23  0 58 70
12 28 39 51 72
15 25 32 54 69

Card ID: 444
14 16 34 49 64
 3 18 36 50 72
 5 26  0 59 71
12 30 45 58 65
 1 24 32 55 66

Card ID: 445
 9 24 42 58 74
 8 16 35 56 71
 7 26  0 47 73
 4 23 43 60 66
10 27 39 51 67

Card ID: 446
 5 20 43 55 61
 9 25 42 46 72
10 30  0 57 75
 1 27 35 58 63
11 23 38 56 67

Card ID: 447
10 22 32 60 65
 6 17 39 51 75
15 30  0 47 61
 7 27 36 46 70
 8 18 41 48 67

Card ID: 448
 6 27 42 60 69
 3 23 32 55 75
 9 29  0 54 74
15 30 37 50 62
 1 19 38 52 64

Card ID: 449
 5 26 37 48 72
10 24 32 50 70
11 27  0 52 65
 2 29 36 57 71
14 18 42 59 66

Card ID: 450
15 20 39 47 73
13 27 38 59 65
 9 17  0 56 62
 4 25 44 60 74
 7 26 32 46 72

Card ID: 451
13 24 43 55 75
14 28 36 48 74
 9 16  0 58 64
 4 27 35 46 66
15 18 41 54 61

Card ID: 452
14 17 34 53 71
13 22 44 52 66
 8 21  0 55 73
10 25 40 58 64
 6 18 36 56 70

Card ID: 453
 7 21 43 51 74
 1 24 31 49 73
10 27  0 47 66
15 19 44 56 71
11 28 40 50 62

Card ID: 454
13 25 35 50 68
 9 20 34 48 71
 7 30  0 55 74
10 22 44 52 69
 6 24 33 54 75

Card ID: 455
 2 22 43 56 64
 7 18 31 54 75
 9 29  0 60 70
 1 28 45 50 65
12 17 36 58 61

Card ID: 456
12 26 32 47 67
 6 30 31 46 61
 5 20  0 55 64
 2 24 36 57 72
 3 18 41 50 73

Card ID: 457
 7 28 33 58 64
14 18 34 46 67
13 29  0 47 71
10 21 40 56 74
11 19 44 49 66

Card ID: 458
13 23 38 47 66
 7 24 43 51 72
 3 17  0 58 70
 4 26 44 50 73
10 19 34 54 64

Card ID: 459
12 26 37 50 73
10 27 32 59 75
15 20  0 57 72
13 21 44 48 66
 6 28 42 51 71

Card ID: 460
 1 16 37 48 68
10 28 42 55 61
 2 20  0 51 67
12 17 41 53 70
13 21 40 50 73

Card ID: 461
 4 26 39 47 69
15 16 42 53 73
 3 21  0 50 74
 9 22 32 49 67
14 17 34 55 68

Card ID: 462
 1 21 37 50 68
14 25 39 54 65
 2 23  0 53 74
 4 19 43 49 70
11 17 36 55 71

Card ID: 463
12 28 41 58 71
 8 29 40 55 70
 7 25  0 46 62
 4 17 38 52 68
10 24 43 47 65

Card ID: 464
12 18 43 58 67
14 21 42 56 64
 7 19  0 53 75
 9 24 45 60 72
 3 23 32 57 65

Card ID: 465
 3 19 45 52 62
 1 23 41 53 75
 9 20  0 56 72
12 17 37 59 65
 4 26 36 55 67

Card ID: 466
 1 17 45 54 72
 5 30 32 55 64
10 23  0 52 68
 3 26 41 53 61
 2 20 43 57 63

Card ID: 467
 7 17 35 58 67
 3 19 40 56 62
 4 22  0 57 65
12 20 32 48 68
 5 23 45 60 66

Card ID: 468
 7 18 43 55 75
12 30 44 47 65
10 23  0 58 66
 6 25 40 59 73
14 29 42 51 70

Card ID: 469
15 22 37 49 62
10 23 39 59 75
 7 25  0 57 61
 4 30 31 47 66
14 24 38 50 74

Card ID: 470
 9 25 43 53 67
14 18 39 50 74
12 19  0 47 72
13 28 44 57 69
11 26 36 52 63

Card ID: 471
 2 16 34 49 63
 4 22 33 59 68
 3 18  0 46 67
 1 28 38 56 70
12 25 42 58 72

Card ID: 472
 3 29 43 46 73
 8 17 38 60 62
14 19  0 52 71
 2 28 41 54 67
 7 27 37 58 69

Card ID: 473
11 28 39 47 63
 1 29 32 60 74
 2 19  0 58 66
 3 27 41 52 68
15 24 34 55 61

Card ID: 474
12 21 34 52 63
14 17 36 46 72
 6 16  0 49 64
15 23 31 54 61
13 22 32 58 73

Card ID: 475
14 23 31 57 72
13 18 37 48 65
15 27  0 58 73
 2 30 33 60 74
 8 25 36 52 69

Card ID: 476
 5 25 44 53 71
14 24 37 51 70
 8 27  0 52 68
 3 26 42 58 61
 1 22 43 56 75

Card ID: 477
10 30 40 47 64
13 28 33 60 63
 7 26  0 46 70
 9 29 45 49 71
 4 27 31 57 66

Card ID: 478
 4 20 44 57 61
12 24 40 53 69
15 19  0 58 68
14 22 32 54 63
13 30 36 46 66

Card ID: 479
10 30 39 47 71
13 25 43 58 69
11 20  0 54 63
 1 24 38 46 70
15 28 31 56 66

Card ID: 480
 2 24 35 51 72
 6 22 40 49 65
 3 19  0 46 71
 1 16 44 57 61
11 27 33 52 66

Card ID: 481
 4 17 41 60 70
 7 26 39 47 62
 5 28  0 54 73
12 29 42 49 69
13 16 44 52 61

Card ID: 482
 3 16 31 57 61
10 29 45 60 69
 9 20  0 50 71
 5 27 34 55 62
15 30 39 54 73

Card ID: 483
 3 28 45 53 71
 7 27 41 58 75
 9 30  0 56 66
13 22 40 48 67
 5 17 42 51 62

Card ID: 484
13 20 31 54 69
 6 22 32 47 73
14 30  0 49 72
 4 26 43 46 66
15 25 44 53 62

Card ID: 485
 3 25 32 58 65
11 27 34 48 75
 4 18  0 53 68
15 19 31 49 63
13 30 38 52 74

Card ID: 486
 9 20 43 59 64
 7 27 36 51 72
 4 29  0 48 71
10 18 42 49 68
 8 17 34 46 62

Card ID: 487
12 16 34 50 66
15 24 43 51 71
 3 29  0 48 62
 1 21 32 47 63
 5 27 44 59 73

Card ID: 488
 7 18 43 49 64
14 28 31 59 66
 3 21  0 58 71
 8 25 42 60 61
12 19 40 55 68

Card ID: 489
 6 30 40 51 74
11 21 45 59 75
 2 16  0 49 71
15 19 37 53 72
 1 20 31 50 61

Card ID: 490
10 30 33 59 70
 8 28 44 55 64
 9 29  0 56 61
 4 17 31 57 67
14 23 40 60 74

Card ID: 491
10 20 41 53 73
 9 28 32 58 62
 8 24  0 50 66
 7 30 43 59 75
 3 17 37 57 65

Card ID: 492
 1 19 42 50 74
 3 18 37 46 64
 2 16  0 54 71
12 26 35 59 62
 4 30 32 57 67

Card ID: 493
 9 24 36 55 71
15 21 41 46 70
 8 18  0 53 74
 5 16 38 56 66
14 25 32 51 68

Card ID: 494
 4 27 42 56 73
 8 21 39 50 69
 1 18  0 48 74
 9 26 31 54 65
 2 22 35 47 66

Card ID: 495
 9 27 42 56 70
15 25 35 50 63
10 28  0 51 62
 4 18 44 57 71
 1 20 33 46 67

Card ID: 496
 9 17 44 53 62
 5 21 40 55 67
12 20  0 46 66
 6 26 42 49 61
10 24 31 47 75

Card ID: 497
 6 18 35 47 63
12 23 39 57 73
 8 26  0 49 62
 4 29 36 48 72
 9 28 41 50 69

Card ID: 498
 1 22 34 59 74
14 20 39 49 75
 7 28  0 47 70
 8 21 36 50 62
12 29 43 58 72

Card ID: 499
 7 16 38 56 70
13 21 34 54 65
11 28  0 53 73
 5 24 39 47 68
 4 29 36 46 75

Card ID: 500
 8 29 41 54 63
 1 26 33 57 75
13 25  0 47 66
 3 21 34 56 73
10 16 42 51 62

